-1.570422999999999958e-01
-1.487089000000000050e-01
-1.320423000000000013e-01
-1.168339000000000044e-01
-1.060006000000000004e-01
-9.954225999999999352e-02
-9.454224999999999435e-02
-8.954224999999998991e-02
-8.454224999999999934e-02
-7.954224999999999490e-02
-7.454224999999999046e-02
-6.954224999999999990e-02
-6.454224999999999546e-02
-5.954224999999999796e-02
-5.454225000000000045e-02
-4.954224999999999601e-02
-4.454224999999999851e-02
-3.954225000000000101e-02
-3.454224999999999657e-02
-2.954224999999999907e-02
-2.454225000000000156e-02
-1.954225000000000059e-02
-1.454224999999999962e-02
-9.815139999999999976e-03
-5.906690000000000031e-03
-2.816900999999999693e-03
0.000000000000000000e+00
2.816900999999999693e-03
5.633802999999999728e-03
8.450705000000001063e-03
1.126760999999999908e-02
1.408450999999999974e-02
1.690141000000000213e-02
1.971831000000000278e-02
2.253520999999999996e-02
2.535211000000000062e-02
2.816901000000000127e-02
3.098592000000000013e-02
3.380282000000000425e-02
3.661972000000000144e-02
3.943662000000000556e-02
4.225352000000000274e-02
4.507041999999999993e-02
4.788731999999999711e-02
5.070422999999999597e-02
5.352113000000000009e-02
5.633802999999999728e-02
5.915493000000000140e-02
6.197182999999999858e-02
6.478873000000000271e-02
6.760562999999999989e-02
7.042253999999999181e-02
7.323944000000000287e-02
7.605634000000000006e-02
7.887324000000001112e-02
8.169013999999999442e-02
8.450704000000000549e-02
8.732394000000000267e-02
8.967136000000000551e-02
