7.728750000000002
7.73825
7.74785
7.763399999999999
7.778799999999999
7.788749999999999
7.798649999999999
7.80805
7.818200000000001
7.82855
7.8389
7.848599999999999
7.857950000000001
7.86815
7.8781
7.888200000000001
7.8987
7.908650000000001
7.918100000000001
7.92805
7.9380500000000005
7.94805
7.95825
7.9681
7.9784999999999995
7.9889
7.99855
8.008099999999999
8.01825
8.02835
8.03825
8.04815
8.0581
8.068249999999999
8.07865
8.08915
8.09885
8.1089
8.119299999999999
8.12895
8.138349999999999
8.14865
8.159199999999998
8.16935
8.1791
8.188500000000001
8.1981
