9.099499999999999
9.1005
9.101500000000001
9.1025
9.1035
9.1045
9.1055
9.1065
9.1075
9.1085
9.1095
9.1105
9.1115
9.1125
9.1135
9.1145
9.1155
9.1165
9.1175
9.118500000000001
9.119499999999999
9.1205
9.121500000000001
9.122499999999999
9.1235
9.124500000000001
9.125499999999999
9.1265
9.127500000000001
9.128499999999999
9.1295
9.130500000000001
9.131499999999999
9.1325
9.1335
9.1345
9.1355
9.1365
9.1375
9.1385
9.1395
9.1405
9.1415
9.1425
9.1435
9.1445
9.1455
9.1465
9.1475
9.148499999999999
9.1495
9.150500000000001
9.151499999999999
9.1525
9.153500000000001
9.154499999999999
9.1555
9.156500000000001
9.157499999999999
9.1585
9.159500000000001
9.160499999999999
9.1615
9.162500000000001
9.163499999999999
9.1645
9.1655
9.1665
9.1675
9.1685
9.1695
9.1705
9.1715
9.1725
9.1735
9.1745
9.1755
9.1765
9.1775
9.1785
9.1795
9.180499999999999
9.1815
9.182500000000001
9.183499999999999
9.1845
9.185500000000001
9.186499999999999
9.1875
9.188500000000001
9.189499999999999
9.1905
9.191500000000001
9.192499999999999
9.1935
9.194500000000001
9.1955
9.1965
9.1975
9.1985
9.1995
9.2005
9.2015
9.2025
9.2035
9.2045
9.2055
9.2065
9.2075
9.2085
9.2095
9.2105
9.211500000000001
9.212499999999999
9.2135
9.214500000000001
9.215499999999999
9.2165
9.217500000000001
9.218499999999999
9.2195
9.220500000000001
9.221499999999999
9.2225
9.223500000000001
9.224499999999999
9.2255
9.226500000000001
9.2275
9.2285
9.2295
9.2305
9.2315
9.2325
9.2335
9.2345
9.2355
9.2365
9.2375
9.2385
9.2395
9.2405
9.2415
9.2425
9.243500000000001
9.244499999999999
9.2455
9.246500000000001
9.247499999999999
9.2485
9.249500000000001
9.250499999999999
9.2515
9.252500000000001
9.253499999999999
9.2545
9.255500000000001
9.256499999999999
9.2575
9.2585
9.2595
9.2605
9.2615
9.2625
9.2635
9.2645
9.2655
9.2665
9.2675
9.2685
9.2695
9.2705
9.2715
9.2725
9.273499999999999
9.2745
9.275500000000001
9.276499999999999
9.2775
9.278500000000001
9.279499999999999
9.2805
9.281500000000001
9.282499999999999
9.2835
9.284500000000001
9.285499999999999
9.2865
9.287500000000001
9.288499999999999
9.2895
9.2905
9.2915
9.2925
9.2935
9.2945
9.2955
9.2965
9.2975
9.2985
9.2995
9.3005
9.3015
9.3025
9.3035
9.3045
9.305499999999999
9.3065
9.307500000000001
9.308499999999999
9.3095
9.310500000000001
9.311499999999999
9.3125
9.313500000000001
9.314499999999999
9.3155
9.316500000000001
9.317499999999999
9.3185
9.319500000000001
9.3205
9.3215
9.3225
9.3235
9.3245
9.3255
9.3265
9.3275
9.3285
9.3295
9.3305
9.3315
9.3325
9.3335
9.3345
9.3355
9.336500000000001
9.337499999999999
9.3385
9.339500000000001
9.340499999999999
9.3415
9.342500000000001
9.343499999999999
9.3445
9.345500000000001
9.346499999999999
9.3475
9.348500000000001
9.349499999999999
9.3505
9.351500000000001
9.3525
9.3535
9.3545
9.3555
9.3565
9.3575
9.3585
9.3595
9.3605
9.3615
9.3625
9.3635
9.3645
9.3655
9.3665
9.3675
9.368500000000001
9.369499999999999
9.3705
9.371500000000001
9.372499999999999
9.3735
9.374500000000001
9.375499999999999
9.3765
9.377500000000001
9.378499999999999
9.3795
9.380500000000001
9.381499999999999
9.3825
9.3835
9.3845
9.3855
9.3865
9.3875
9.3885
9.3895
9.3905
9.3915
9.3925
9.3935
9.3945
9.3955
9.3965
9.3975
9.398499999999999
9.3995
9.400500000000001
