  -1.241747     -6.423125     0.0000000E+00 0.0000000E+00-0.1682019     100000
  0.7705463E-01-0.4067403     0.0000000E+00 0.0000000E+00-0.3683820E-01 010000
  0.0000000E+00 0.0000000E+00  1.000000     0.0000000E+00 0.0000000E+00 001000
  0.0000000E+00 0.0000000E+00 0.5678477      1.000000     0.0000000E+00 000100
  0.0000000E+00 0.0000000E+00 0.0000000E+00 0.0000000E+00  1.000000     000010
  0.5870444E-01 0.1682019     0.0000000E+00 0.0000000E+00 0.1409310     000001
   679.6379      1947.316     0.0000000E+00 0.0000000E+00 -5.131728     200000
   297.6970      852.9706     0.0000000E+00 0.0000000E+00 -1.123174     110000
   32.59961      93.40554     0.0000000E+00 0.0000000E+00-0.1423180     020000
  0.0000000E+00 0.0000000E+00 0.3352871     0.0000000E+00 0.0000000E+00 100100
  0.0000000E+00 0.0000000E+00 0.7343185E-01 0.0000000E+00 0.0000000E+00 010100
   2.185470      3.039726     0.0000000E+00 0.0000000E+00 0.2675410     100001
  0.4400012      1.371487     0.0000000E+00 0.0000000E+00 0.4762510E-01 010001
 -0.5850959E-01-0.1676436     0.0000000E+00 0.0000000E+00-0.1423480     000200
  0.0000000E+00 0.0000000E+00-0.2846960     0.2220446E-15 0.0000000E+00 000101
 -0.4312667E-01-0.3918685E-01 0.0000000E+00 0.0000000E+00-0.1084639     000002
   12257.27      35194.53     0.0000000E+00 0.0000000E+00  2132.260     300000
   8061.282      23102.98     0.0000000E+00 0.0000000E+00  1060.020     210000
   1766.109      5061.638     0.0000000E+00 0.0000000E+00  157.5693     120000
   128.9330      369.4177     0.0000000E+00 0.0000000E+00  6.045701     030000
  0.0000000E+00 0.0000000E+00  10.22939    -0.3552714E-14 0.0000000E+00 200100
  0.0000000E+00 0.0000000E+00  2.238892     0.2842171E-15 0.0000000E+00 110100
  0.0000000E+00 0.0000000E+00 0.2836912     0.1053380E-15 0.0000000E+00 020100
  -279.1659      169.7196     0.0000000E+00 0.0000000E+00 -46.37599     200001
  -272.2112     -352.4840     0.0000000E+00 0.0000000E+00 -21.40338     110001
  -46.16831     -85.42328     0.0000000E+00 0.0000000E+00 -2.373209     020001
  -2.178216     -3.029636     0.0000000E+00 0.0000000E+00-0.2677658     100200
 -0.4385407     -1.366934     0.0000000E+00 0.0000000E+00-0.4771076E-01 010200
  0.0000000E+00 0.0000000E+00-0.5355316     0.2220446E-15 0.0000000E+00 100101
  0.0000000E+00 0.0000000E+00-0.9542151E-01 0.0000000E+00 0.0000000E+00 010101
  -2.171588     -2.051202     0.0000000E+00 0.0000000E+00-0.4712879     100002
 -0.6769107     -1.326112     0.0000000E+00 0.0000000E+00-0.9547105E-01 010002
  0.0000000E+00 0.0000000E+00 0.2837510    -0.1110223E-15 0.0000000E+00 000300
  0.8635546E-01 0.7922644E-01 0.0000000E+00 0.0000000E+00 0.2180977     000201
  0.0000000E+00 0.0000000E+00 0.2180977     0.1110223E-15 0.0000000E+00 000102
  0.3579014E-01 0.1729241E-01 0.0000000E+00 0.0000000E+00 0.9319583E-01 000003