  -1.498672     -6.423125     0.0000000E+00 0.0000000E+00-0.1682019     100000
 -0.7409543E-01-0.9848216     0.0000000E+00 0.0000000E+00-0.5197636E-01 010000
  0.0000000E+00 0.0000000E+00  1.000000     0.0000000E+00 0.0000000E+00 001000
  0.0000000E+00 0.0000000E+00 0.6978477      1.000000     0.0000000E+00 000100
  0.0000000E+00 0.0000000E+00 0.0000000E+00 0.0000000E+00  1.000000     000010
  0.6543251E-01 0.1682019     0.0000000E+00 0.0000000E+00 0.1732148     000001
   757.5305      1947.316     0.0000000E+00 0.0000000E+00 -5.545668     200000
   468.1713      1203.488     0.0000000E+00 0.0000000E+00 -2.173819     110000
   72.33525      185.9462     0.0000000E+00 0.0000000E+00-0.3172766     020000
  0.0000000E+00 0.0000000E+00 0.3352871     0.0000000E+00 0.0000000E+00 100100
  0.0000000E+00 0.0000000E+00 0.1036077     0.0000000E+00 0.0000000E+00 010100
   2.435950      3.039726     0.0000000E+00 0.0000000E+00 0.2892206     100001
  0.7899229      1.935065     0.0000000E+00 0.0000000E+00 0.8262209E-01 010001
 -0.6521533E-01-0.1676436     0.0000000E+00 0.0000000E+00-0.1749562     000200
  0.0000000E+00 0.0000000E+00-0.3499124     0.2220446E-15 0.0000000E+00 000101
 -0.4806939E-01-0.3918685E-01 0.0000000E+00 0.0000000E+00-0.1330413     000002
   13659.76      35194.53     0.0000000E+00 0.0000000E+00  2383.251     300000
   12672.53      32605.50     0.0000000E+00 0.0000000E+00  1829.331     210000
   3917.633      10075.40     0.0000000E+00 0.0000000E+00  447.9368     120000
   403.5384      1037.467     0.0000000E+00 0.0000000E+00  34.03462     030000
  0.0000000E+00 0.0000000E+00  11.05452    -0.3552714E-14 0.0000000E+00 200100
  0.0000000E+00 0.0000000E+00  4.333208    -0.3552714E-15 0.0000000E+00 110100
  0.0000000E+00 0.0000000E+00 0.6324471     0.1021405E-15 0.0000000E+00 020100
  -311.0368      169.7196     0.0000000E+00 0.0000000E+00 -51.93663     200001
  -427.7655     -497.7766     0.0000000E+00 0.0000000E+00 -32.85005     110001
  -102.4188     -170.1094     0.0000000E+00 0.0000000E+00 -5.123709     020001
  -2.427864     -3.029636     0.0000000E+00 0.0000000E+00-0.2893735     100200
 -0.7873009     -1.928642     0.0000000E+00 0.0000000E+00-0.8269174E-01 010200
  0.0000000E+00 0.0000000E+00-0.5787469     0.2220446E-15 0.0000000E+00 100101
  0.0000000E+00 0.0000000E+00-0.1653835     0.0000000E+00 0.0000000E+00 010101
  -2.422098     -2.051202     0.0000000E+00 0.0000000E+00-0.5190823     100002
  -1.142946     -1.865227     0.0000000E+00 0.0000000E+00-0.1679421     010002
  0.0000000E+00 0.0000000E+00 0.3487510    -0.1110223E-15 0.0000000E+00 000300
  0.9625259E-01 0.7922644E-01 0.0000000E+00 0.0000000E+00 0.2675223     000201
  0.0000000E+00 0.0000000E+00 0.2675223     0.1110223E-15 0.0000000E+00 000102
  0.3989201E-01 0.1729241E-01 0.0000000E+00 0.0000000E+00 0.1140117     000003