  -1.019557     -6.431471     0.0000000E+00 0.0000000E+00-0.1681434     100000
 -0.1043469E-02-0.9874001     0.0000000E+00 0.0000000E+00-0.5195830E-01 010000
  0.0000000E+00 0.0000000E+00  1.173331     0.5521757     0.0000000E+00 001000
  0.0000000E+00 0.0000000E+00 0.6763555      1.170571     0.0000000E+00 000100
  0.0000000E+00 0.0000000E+00 0.0000000E+00 0.0000000E+00  1.000000     000010
  0.5279902E-01 0.1681434     0.0000000E+00 0.0000000E+00 0.1545866     000001
   427.7381      1362.542     0.0000000E+00 0.0000000E+00 -4.455020     200000
   264.3883      842.0827     0.0000000E+00 0.0000000E+00 -1.743282     110000
   40.84945      130.0887     0.0000000E+00 0.0000000E+00-0.2695538     020000
  0.0000000E+00 0.0000000E+00 -958.4969     -3054.385     0.0000000E+00 101000
  0.0000000E+00 0.0000000E+00 -296.2235     -943.8408     0.0000000E+00 011000
  -479.5714     -1527.208     0.0000000E+00 0.0000000E+00-0.2108616     002000
  0.0000000E+00 0.0000000E+00 -295.4316     -943.4606     0.0000000E+00 100100
  0.0000000E+00 0.0000000E+00 -91.29166     -291.5038     0.0000000E+00 010100
  -296.3400     -943.5859     0.0000000E+00 0.0000000E+00-0.2140936     001100
   1.774140      2.414094     0.0000000E+00 0.0000000E+00 0.2487049     100001
  0.5478017      1.739876     0.0000000E+00 0.0000000E+00 0.7643098E-01 010001
  0.0000000E+00 0.0000000E+00 0.2787208E-01 0.3754405     0.0000000E+00 001001
  -45.87892     -146.0666     0.0000000E+00 0.0000000E+00-0.2021386     000200
  0.0000000E+00 0.0000000E+00-0.3295168     0.3354025E-01 0.0000000E+00 000101
 -0.3886916E-01-0.3943792E-01 0.0000000E+00 0.0000000E+00-0.1184877     000002
   582.2855      1853.728     0.0000000E+00 0.0000000E+00  1343.954     300000
   556.1190      1725.628     0.0000000E+00 0.0000000E+00  1031.253     210000
   175.5583      540.8551     0.0000000E+00 0.0000000E+00  252.3916     120000
   18.32782      56.05793     0.0000000E+00 0.0000000E+00  19.15233     030000
  0.0000000E+00 0.0000000E+00  28324.92      93374.73     0.0000000E+00 201000
  0.0000000E+00 0.0000000E+00  17485.79      57650.46     0.0000000E+00 111000
  0.0000000E+00 0.0000000E+00  2698.817      8898.840     0.0000000E+00 021000
   29352.42      93382.59     0.0000000E+00 0.0000000E+00 -1309.575     102000
   9096.537      28941.06     0.0000000E+00 0.0000000E+00 -164.0678     012000
  0.0000000E+00 0.0000000E+00 -49456.91     -157664.0     0.0000000E+00 003000
  0.0000000E+00 0.0000000E+00  8477.244      27900.75     0.0000000E+00 200100
  0.0000000E+00 0.0000000E+00  5231.228      17226.19     0.0000000E+00 110100
  0.0000000E+00 0.0000000E+00  807.4340      2659.097     0.0000000E+00 020100
   18113.92      57633.45     0.0000000E+00 0.0000000E+00 -328.7070     101100
   5614.011      17862.34     0.0000000E+00 0.0000000E+00  47.11728     011100
  0.0000000E+00 0.0000000E+00 -45801.09     -146089.0     0.0000000E+00 002100
  -180.0968      102.1924     0.0000000E+00 0.0000000E+00 -27.06473     200001
  -244.5086     -358.3412     0.0000000E+00 0.0000000E+00 -17.24520     110001
  -58.30342     -120.5566     0.0000000E+00 0.0000000E+00 -2.666100     020001
  0.0000000E+00 0.0000000E+00  494.6482      45.72990     0.0000000E+00 101001
  0.0000000E+00 0.0000000E+00  301.5104      487.6429     0.0000000E+00 011001
   250.7042      32.36996     0.0000000E+00 0.0000000E+00  40.72379     002001
   2788.217      8875.412     0.0000000E+00 0.0000000E+00  22.86655     100200
   864.2077      2749.871     0.0000000E+00 0.0000000E+00  30.05676     010200
  0.0000000E+00 0.0000000E+00 -14146.01     -45145.98     0.0000000E+00 001200
  0.0000000E+00 0.0000000E+00  300.5034      487.3631     0.0000000E+00 100101
  0.0000000E+00 0.0000000E+00  138.7206      296.8266     0.0000000E+00 010101
   303.4723      492.9321     0.0000000E+00 0.0000000E+00  25.29585     001101
  -1.726579     -1.631542     0.0000000E+00 0.0000000E+00-0.4136804     100002
 -0.7984382     -1.635681     0.0000000E+00 0.0000000E+00-0.1399348     010002
  0.0000000E+00 0.0000000E+00-0.7138153E-01-0.2662589     0.0000000E+00 001002
  0.0000000E+00 0.0000000E+00 -1456.805     -4652.967     0.0000000E+00 000300
   69.97783      149.4171     0.0000000E+00 0.0000000E+00  4.182768     000201
  0.0000000E+00 0.0000000E+00 0.2302997    -0.8012356E-01 0.0000000E+00 000102
  0.3235204E-01 0.1768573E-01 0.0000000E+00 0.0000000E+00 0.1012772     000003
