 -0.2401222     -2.249149     0.0000000E+00 0.0000000E+00-0.2326764     100000000
  0.0000000E+00 -4.164546     0.0000000E+00 0.0000000E+00-0.5519843     010000000
  0.0000000E+00 0.0000000E+00  2.174710      3.071921     0.0000000E+00 001000000
  0.0000000E+00 0.0000000E+00  5.049884      7.593124     0.0000000E+00 000100000
  0.0000000E+00 0.0000000E+00 0.0000000E+00 0.0000000E+00  1.000000     000010000
  0.1325437     0.2725037     0.0000000E+00 0.0000000E+00 0.6420074     000001000
  0.1907189      2.180406     0.0000000E+00 0.0000000E+00-0.4595047     200000000
   1.741568      9.697279     0.0000000E+00 0.0000000E+00 -1.579073     110000000
   2.436944      7.723688     0.0000000E+00 0.0000000E+00 -1.932530     020000000
  0.0000000E+00 0.0000000E+00 -3.302157     -13.83013     0.0000000E+00 101000000
  0.0000000E+00 0.0000000E+00 -5.973548     -9.433201     0.0000000E+00 011000000
 -0.2598401      39.07120     0.0000000E+00 0.0000000E+00-0.5431310     002000000
  0.0000000E+00 0.0000000E+00 -7.203133     -30.76010     0.0000000E+00 100100000
  0.0000000E+00 0.0000000E+00 -12.21144     -18.29727     0.0000000E+00 010100000
 -0.5471725      181.3085     0.0000000E+00 0.0000000E+00 -2.706864     001100000
  0.3887489E-01  209.9256     0.0000000E+00 0.0000000E+00 -3.928806     000200000
  0.5738447    -0.4264577     0.0000000E+00 0.0000000E+00 0.1669142     100001000
   1.100807     0.3584715     0.0000000E+00 0.0000000E+00 0.6018672     010001000
  0.0000000E+00 0.0000000E+00 0.3168878E-01  5.371982     0.0000000E+00 001001000
  0.0000000E+00 0.0000000E+00 -2.283977      9.137343     0.0000000E+00 000101000
 -0.1025716    -0.1698808     0.0000000E+00 0.0000000E+00-0.4863436     000002000
   1.335605     -1.935276     0.0000000E+00 0.0000000E+00-0.7422297E-01 300000000
   7.675845     -13.81876     0.0000000E+00 0.0000000E+00 0.1846332     210000000
   14.66908     -27.71256     0.0000000E+00 0.0000000E+00  1.092963     120000000
   11.95371     -1.101901     0.0000000E+00 0.0000000E+00 0.6482559     030000000
  0.0000000E+00 0.0000000E+00  2.860504      17.49239     0.0000000E+00 201000000
  0.0000000E+00 0.0000000E+00  1.166080     -4.792196     0.0000000E+00 111000000
  0.0000000E+00 0.0000000E+00 -41.40467     -288.7376     0.0000000E+00 021000000
  -24.80524     -287.3815     0.0000000E+00 0.0000000E+00  3.986979     102000000
  -166.9278     -1347.680     0.0000000E+00 0.0000000E+00  5.737198     012000000
  0.0000000E+00 0.0000000E+00  23.77696      447.3580     0.0000000E+00 003000000
  0.0000000E+00 0.0000000E+00  10.50448      44.57092     0.0000000E+00 200100000
  0.0000000E+00 0.0000000E+00  19.06109      8.353709     0.0000000E+00 110100000
  0.0000000E+00 0.0000000E+00 -74.75439     -628.7949     0.0000000E+00 020100000
  -112.8416     -1305.678     0.0000000E+00 0.0000000E+00  19.45353     101100000
  -762.0685     -6114.950     0.0000000E+00 0.0000000E+00  27.81070     011100000
  0.0000000E+00 0.0000000E+00  237.9059      3227.090     0.0000000E+00 002100000
  -129.2880     -1483.387     0.0000000E+00 0.0000000E+00  23.55722     100200000
  -871.7180     -6938.240     0.0000000E+00 0.0000000E+00  33.02665     010200000
  0.0000000E+00 0.0000000E+00  695.8238      7697.408     0.0000000E+00 001200000
  0.0000000E+00 0.0000000E+00  635.6396      6083.457     0.0000000E+00 000300000
  0.5281535     0.6726943     0.0000000E+00 0.0000000E+00 0.5562067     200001000
  0.8323840     -3.677809     0.0000000E+00 0.0000000E+00  2.559668     110001000
  0.7449125      1.617318     0.0000000E+00 0.0000000E+00  3.591807     020001000
  0.0000000E+00 0.0000000E+00-0.9689825E-02 -4.021152     0.0000000E+00 101001000
  0.0000000E+00 0.0000000E+00 -11.14035     -89.19624     0.0000000E+00 011001000
  -25.71335     -165.8154     0.0000000E+00 0.0000000E+00-0.1332819     002001000
  0.0000000E+00 0.0000000E+00  3.661746      6.923272     0.0000000E+00 100101000
  0.0000000E+00 0.0000000E+00 -19.66144     -190.8904     0.0000000E+00 010101000
  -117.5386     -841.5701     0.0000000E+00 0.0000000E+00 0.5689304     001101000
  -134.8838     -1059.907     0.0000000E+00 0.0000000E+00  3.096293     000201000
 -0.4798152    -0.3569447     0.0000000E+00 0.0000000E+00-0.2186334     100002000
  -1.041390      1.378988     0.0000000E+00 0.0000000E+00-0.7678003     010002000
  0.0000000E+00 0.0000000E+00 -1.780269     -13.06376     0.0000000E+00 001002000
  0.0000000E+00 0.0000000E+00 -2.365205     -33.23543     0.0000000E+00 000102000
  0.1228492     0.3392565     0.0000000E+00 0.0000000E+00 0.4127165     000003000
