 -0.3651717    -0.4237686     0.0000000E+00 0.0000000E+00 -0.3908251    100000000
 -0.3533143E-02 -2.742538     0.0000000E+00 0.0000000E+00 -1.300766     010000000
  0.0000000E+00 0.0000000E+00 -0.1385818    0.7780778     0.0000000E+00 001000000
  0.0000000E+00 0.0000000E+00 -1.984290      3.924989     0.0000000E+00 000100000
  0.0000000E+00 0.0000000E+00 0.0000000E+00 0.0000000E+00  1.000000     000010000
  0.4736223    -0.5206286     0.0000000E+00 0.0000000E+00  3.508624     000001000
  0.7319172     0.1844687E-01 0.0000000E+00 0.0000000E+00 0.1216115     200000000
   8.805251    -0.7752540     0.0000000E+00 0.0000000E+00  1.883392     110000000
   22.13829     -7.377966     0.0000000E+00 0.0000000E+00  3.557337     020000000
  0.0000000E+00 0.0000000E+00  1.075670     0.7951039     0.0000000E+00 101000000
  0.0000000E+00 0.0000000E+00 -1.513606      1.300373     0.0000000E+00 011000000
  0.1837975      1.510140     0.0000000E+00 0.0000000E+00 -3.134188     002000000
  0.0000000E+00 0.0000000E+00  6.409659      5.862938     0.0000000E+00 100100000
  0.0000000E+00 0.0000000E+00 -6.796994      13.91252     0.0000000E+00 010100000
   1.247608      17.33003     0.0000000E+00 0.0000000E+00 -37.57759     001100000
 -0.1047783      50.25448     0.0000000E+00 0.0000000E+00 -116.0744     000200000
  0.8503049    -0.4820530     0.0000000E+00 0.0000000E+00 0.7765092     100001000
   3.259399     -2.608266     0.0000000E+00 0.0000000E+00  3.188715     010001000
  0.0000000E+00 0.0000000E+00 -9.221451     -5.161000     0.0000000E+00 001001000
  0.0000000E+00 0.0000000E+00 -53.38709     -35.32711     0.0000000E+00 000101000
 -0.4969389     0.1929953     0.0000000E+00 0.0000000E+00 -3.747867     000002000
  0.5725116    -0.1191146     0.0000000E+00 0.0000000E+00 0.3685737     300000000
   12.43330     -2.471509     0.0000000E+00 0.0000000E+00  7.136971     210000000
   94.55284     -15.48829     0.0000000E+00 0.0000000E+00  46.81056     120000000
   255.9157     -27.04339     0.0000000E+00 0.0000000E+00  106.3592     030000000
  0.0000000E+00 0.0000000E+00 -0.3821037    -0.9438110    0.0000000E+00 201000000
  0.0000000E+00 0.0000000E+00 -16.54425     -17.30242     0.0000000E+00 111000000
  0.0000000E+00 0.0000000E+00 -79.11899     -68.83726     0.0000000E+00 021000000
  -1.626821      2.960479     0.0000000E+00 0.0000000E+00 -3.549911     102000000
  0.6500968      20.12700     0.0000000E+00 0.0000000E+00 -13.06733     012000000
  0.0000000E+00 0.0000000E+00  187.5439      101.9550     0.0000000E+00 003000000
  0.0000000E+00 0.0000000E+00 -1.866610     -5.122872     0.0000000E+00 200100000
  0.0000000E+00 0.0000000E+00 -105.7616     -99.70831     0.0000000E+00 110100000
  0.0000000E+00 0.0000000E+00 -520.5214     -392.1688     0.0000000E+00 020100000
  -13.33943      38.53867     0.0000000E+00 0.0000000E+00 -45.05497     101100000
   45.15748      255.8661     0.0000000E+00 0.0000000E+00 -168.9906     011100000
  0.0000000E+00 0.0000000E+00  3290.436      1859.077     0.0000000E+00 002100000
  -25.50035      123.4801     0.0000000E+00 0.0000000E+00 -143.3711     100200000
   221.2475      802.7852     0.0000000E+00 0.0000000E+00 -548.4432     010200000
  0.0000000E+00 0.0000000E+00  19333.29      11400.19     0.0000000E+00 001200000
  0.0000000E+00 0.0000000E+00  38063.24      23535.47     0.0000000E+00 000300000
  0.6381558    -0.2350048     0.0000000E+00 0.0000000E+00 0.3259529     200001000
   7.069876     -2.352118     0.0000000E+00 0.0000000E+00  2.793420     110001000
   39.96728      3.879108     0.0000000E+00 0.0000000E+00  13.86949     020001000
  0.0000000E+00 0.0000000E+00 -11.17742     -3.448618     0.0000000E+00 101001000
  0.0000000E+00 0.0000000E+00 -44.06081     -18.69464     0.0000000E+00 011001000
   1.136716     -5.046683     0.0000000E+00 0.0000000E+00  16.38857     002001000
  0.0000000E+00 0.0000000E+00 -81.34657     -28.55299     0.0000000E+00 100101000
  0.0000000E+00 0.0000000E+00 -298.6689     -130.7863     0.0000000E+00 010101000
   9.902720     -73.20899     0.0000000E+00 0.0000000E+00  218.5643     001101000
   21.90793     -253.9172     0.0000000E+00 0.0000000E+00  726.0295     000201000
 -0.6378926     0.3711744     0.0000000E+00 0.0000000E+00 -1.516698     100002000
   2.765869      6.233302     0.0000000E+00 0.0000000E+00 -5.773508     010002000
  0.0000000E+00 0.0000000E+00  24.27212      6.304899     0.0000000E+00 001002000
  0.0000000E+00 0.0000000E+00  190.9292      68.24216     0.0000000E+00 000102000
   1.398037     0.2428547     0.0000000E+00 0.0000000E+00  4.993068     000003000