16.1075
16.112499999999997
16.1175
16.122500000000002
16.127499999999998
16.1325
16.137500000000003
16.1425
16.1475
16.1525
16.1575
16.1625
16.1675
16.1725
16.177500000000002
16.182499999999997
16.1875
16.193
16.198
16.2025
16.2075
16.213
16.2185
16.2235
16.2285
16.2335
16.239
16.244500000000002
16.249499999999998
16.2545
16.259500000000003
16.264499999999998
16.2695
16.2745
16.2795
16.2845
16.2895
16.2945
16.3
16.305
16.3095
16.315
16.320500000000003
16.326
16.331
16.3355
16.3405
16.3455
16.3505
16.356
16.361
16.365499999999997
16.371
16.375999999999998
16.381
16.386499999999998
16.391
16.396
16.4015
16.407
16.413000000000004
