9.799500000000002
9.8005
9.8015
9.8025
9.8035
9.8045
9.805499999999999
9.8065
9.807500000000001
9.808499999999999
9.8095
9.810500000000001
9.811499999999999
9.8125
9.813500000000001
9.814499999999999
9.8155
9.816500000000001
9.817499999999999
9.8185
9.819500000000001
9.8205
9.8215
9.8225
9.8235
9.8245
9.8255
9.8265
9.8275
9.8285
9.8295
9.8305
9.8315
9.8325
9.8335
9.8345
9.8355
9.836500000000001
9.837499999999999
9.8385
9.839500000000001
9.840499999999999
9.8415
9.842500000000001
9.843499999999999
9.8445
9.845500000000001
9.846499999999999
9.8475
9.848500000000001
9.849499999999999
9.8505
9.851500000000001
9.8525
9.8535
9.8545
9.8555
9.8565
9.8575
9.8585
9.8595
9.8605
9.8615
9.8625
9.8635
9.8645
9.8655
9.8665
9.8675
9.868500000000001
9.869499999999999
9.8705
9.871500000000001
9.872499999999999
9.8735
9.874500000000001
9.875499999999999
9.8765
9.877500000000001
9.878499999999999
9.8795
9.880500000000001
9.881499999999999
9.8825
9.8835
9.8845
9.8855
9.8865
9.8875
9.8885
9.8895
9.8905
9.8915
9.8925
9.8935
9.8945
9.8955
9.8965
9.8975
9.898499999999999
9.8995
9.900500000000001
9.901499999999999
9.9025
9.903500000000001
9.904499999999999
9.9055
9.906500000000001
9.907499999999999
9.9085
9.909500000000001
9.910499999999999
9.9115
9.912500000000001
9.913499999999999
9.9145
9.9155
9.9165
9.9175
9.9185
9.9195
9.9205
9.9215
9.9225
9.9235
9.9245
9.9255
9.9265
9.9275
9.9285
9.9295
9.930499999999999
9.9315
9.932500000000001
9.933499999999999
9.9345
9.935500000000001
9.936499999999999
9.9375
9.938500000000001
9.939499999999999
9.9405
9.941500000000001
9.942499999999999
9.9435
9.944500000000001
9.9455
9.9465
9.9475
9.9485
9.9495
9.9505
9.9515
9.9525
9.9535
9.9545
9.9555
9.9565
9.9575
9.9585
9.9595
9.9605
9.961500000000001
9.962499999999999
9.9635
9.964500000000001
9.965499999999999
9.9665
9.967500000000001
9.968499999999999
9.9695
9.970500000000001
9.971499999999999
9.9725
9.973500000000001
9.974499999999999
9.9755
9.976500000000001
9.9775
9.9785
9.9795
9.9805
9.9815
9.9825
9.9835
9.9845
9.9855
9.9865
9.9875
9.9885
9.9895
9.9905
9.9915
9.9925
9.993500000000001
9.994499999999999
9.9955
9.996500000000001
9.997499999999999
9.9985
9.999500000000001
10.000499999999999
10.0015
10.002500000000001
10.003499999999999
10.0045
10.005500000000001
10.006499999999999
10.0075
10.0085
10.0095
10.0105
10.0115
10.0125
10.0135
10.0145
10.0155
10.0165
10.0175
10.0185
10.0195
10.0205
10.0215
10.0225
10.023499999999999
10.0245
10.025500000000001
10.026499999999999
10.0275
10.028500000000001
10.029499999999999
10.0305
10.031500000000001
10.032499999999999
10.0335
10.034500000000001
10.035499999999999
10.0365
10.037500000000001
10.038499999999999
10.0395
10.0405
10.0415
10.0425
10.0435
10.0445
10.0455
10.0465
10.0475
10.0485
10.0495
10.0505
10.0515
10.0525
10.0535
10.0545
10.055499999999999
10.0565
10.057500000000001
10.058499999999999
10.0595
10.060500000000001
10.061499999999999
10.0625
10.063500000000001
10.064499999999999
10.0655
10.066500000000001
10.067499999999999
10.0685
10.069500000000001
10.0705
10.0715
10.0725
10.0735
10.0745
10.0755
10.0765
10.0775
10.0785
10.0795
10.0805
10.0815
10.0825
10.0835
10.0845
10.0855
10.086500000000001
10.087499999999999
10.0885
10.089500000000001
10.090499999999999
10.0915
10.092500000000001
10.093499999999999
10.0945
10.095500000000001
10.096499999999999
10.0975
10.098500000000001
10.099499999999999
10.100499999999998
