-0.20545449999999998
-0.19545449999999998
-0.1804545
-0.16045449999999997
-0.14118365
-0.12482949999999998
-0.11285034999999999
-0.10378784999999999
-0.09545453999999999
-0.08712121499999999
-0.07878787999999999
-0.070454545
-0.062121214999999994
-0.053787879999999996
-0.045454545
-0.037121215
-0.029024625
-0.021875
-0.01614583
-0.011363633999999997
-0.006818181499999999
-0.0022727274999999997
0.0022727274999999997
0.006818181499999999
0.011363633999999997
0.015909089999999997
0.020454544999999998
0.024999999999999998
0.029545454999999998
0.034090909999999995
0.03863636499999999
0.043181819999999996
0.047727275
0.05227272499999999
0.05681817999999999
0.061363634999999986
0.06590909
0.07045454500000001
0.077215905
0.09284092
0.11768939999999999
0.14511359999999998
