-0.23975
-0.22974999999999995
-0.21510714999999997
-0.19689284999999995
-0.18082139999999997
-0.16617854999999998
-0.15189284999999997
-0.13760714999999998
-0.12332144999999999
-0.1093036
-0.096357165
-0.085017865
-0.07474999999999998
-0.06475
-0.05475
-0.04475
-0.034749999999999996
-0.024749999999999998
-0.014749999999999997
-0.004874999999999999
0.0045
0.013124999999999998
0.021249999999999998
0.029249999999999998
0.03725
0.04525
0.05325
0.06125
0.06924999999999999
0.07724999999999999
0.08524999999999999
0.09258333499999999
0.09925000499999997
