9.3795
9.380500000000001
9.381499999999999
9.3825
9.3835
9.3845
9.3855
9.3865
9.3875
9.3885
9.3895
9.3905
9.3915
9.3925
9.3935
9.3945
9.3955
9.3965
9.3975
9.398499999999999
9.3995
9.400500000000001
9.401499999999999
9.4025
9.403500000000001
9.404499999999999
9.4055
9.406500000000001
9.407499999999999
9.4085
9.409500000000001
9.410499999999999
9.4115
9.412500000000001
9.413499999999999
9.4145
9.4155
9.4165
9.4175
9.4185
9.4195
9.4205
9.4215
9.4225
9.4235
9.4245
9.4255
9.4265
9.4275
9.4285
9.4295
9.430499999999999
9.4315
9.432500000000001
9.433499999999999
9.4345
9.435500000000001
9.436499999999999
9.4375
9.438500000000001
9.439499999999999
9.4405
9.441500000000001
9.442499999999999
9.4435
9.444500000000001
9.4455
9.4465
9.4475
9.4485
9.4495
9.4505
9.4515
9.4525
9.4535
9.4545
9.4555
9.4565
9.4575
9.4585
9.4595
9.4605
9.461500000000001
9.462499999999999
9.4635
9.464500000000001
9.465499999999999
9.4665
9.467500000000001
9.468499999999999
9.4695
9.470500000000001
9.471499999999999
9.4725
9.473500000000001
9.474499999999999
9.4755
9.476500000000001
9.4775
9.4785
9.4795
9.4805
9.4815
9.4825
9.4835
9.4845
9.4855
9.4865
9.4875
9.4885
9.4895
9.4905
9.4915
9.4925
9.493500000000001
9.494499999999999
9.4955
9.496500000000001
9.497499999999999
9.4985
9.499500000000001
9.500499999999999
9.5015
9.502500000000001
9.503499999999999
9.5045
9.505500000000001
9.506499999999999
9.5075
9.5085
9.5095
9.5105
9.5115
9.5125
9.5135
9.5145
9.5155
9.5165
9.5175
9.5185
9.5195
9.5205
9.5215
9.5225
9.523499999999999
9.5245
9.525500000000001
9.526499999999999
9.5275
9.528500000000001
9.529499999999999
9.5305
9.531500000000001
9.532499999999999
9.5335
9.534500000000001
9.535499999999999
9.5365
9.537500000000001
9.538499999999999
9.5395
9.5405
9.5415
9.5425
9.5435
9.5445
9.5455
9.5465
9.5475
9.5485
9.5495
9.5505
9.5515
9.5525
9.5535
9.5545
9.555499999999999
9.5565
9.557500000000001
9.558499999999999
9.5595
9.560500000000001
9.561499999999999
9.5625
9.563500000000001
9.564499999999999
9.5655
9.566500000000001
9.567499999999999
9.5685
9.569500000000001
9.5705
9.5715
9.5725
9.5735
9.5745
9.5755
9.5765
9.5775
9.5785
9.5795
9.5805
9.5815
9.5825
9.5835
9.5845
9.5855
9.586500000000001
9.587499999999999
9.5885
9.589500000000001
9.590499999999999
9.5915
9.592500000000001
9.593499999999999
9.5945
9.595500000000001
9.596499999999999
9.5975
9.598500000000001
9.599499999999999
9.6005
9.601500000000001
9.6025
9.6035
9.6045
9.6055
9.6065
9.6075
9.6085
9.6095
9.6105
9.6115
9.6125
9.6135
9.6145
9.6155
9.6165
9.6175
9.618500000000001
9.619499999999999
9.6205
9.621500000000001
9.622499999999999
9.6235
9.624500000000001
9.625499999999999
9.6265
9.627500000000001
9.628499999999999
9.6295
9.630500000000001
9.631499999999999
9.6325
9.6335
9.6345
9.6355
9.6365
9.6375
9.6385
9.6395
9.6405
9.6415
9.6425
9.6435
9.6445
9.6455
9.6465
9.6475
9.648499999999999
9.6495
9.650500000000001
9.651499999999999
9.6525
9.653500000000001
9.654499999999999
9.6555
9.656500000000001
9.657499999999999
9.6585
9.659500000000001
9.660499999999999
9.6615
9.662500000000001
9.663499999999999
9.6645
9.6655
9.6665
9.6675
9.6685
9.6695
9.6705
9.6715
9.6725
9.6735
9.6745
9.6755
9.6765
9.6775
9.6785
9.6795
9.680499999999999
