7.49845
7.50835
7.51825
7.52695
7.536250000000001
7.5470500000000005
7.5572
7.567
7.5771
7.5877
7.59835
7.607
7.6155
7.62695
7.63795
7.64705
7.655950000000001
7.6669
7.6782
7.6875
7.697100000000001
7.70665
7.7158
7.725300000000001
7.7354
7.7458
7.76115
7.77595
7.78615
7.7961
7.805949999999999
7.81635
7.82625
7.83605
7.8458
7.8559
7.86595
7.87595
7.8858
7.895849999999999
7.905849999999999
7.915749999999999
7.9259
7.936
7.94585
7.9558
7.9658999999999995
7.97575
7.98565
7.9955
8.00535
8.0155
8.025500000000001
8.0353
8.04535
8.05545
8.0654
8.0754
8.0856
8.0961
8.10605
8.1155
8.1253
