-0.20499994999999993
-0.19666664999999997
-0.18416665
-0.16749999999999998
-0.15083334999999998
-0.13458335
-0.12
-0.10791664999999999
-0.09749999999999999
-0.0875
-0.07749999999999999
-0.0675
-0.057499999999999996
-0.0475
-0.03749999999999999
-0.027812499999999997
-0.019374999999999996
-0.012812500000000001
-0.0075
-0.0025
0.0025
0.0075
0.0125
0.0175
0.0225
0.027499999999999997
0.0325
0.0375
0.042499999999999996
0.0475
0.05249999999999999
0.057499999999999996
0.06249999999999999
0.06749999999999999
0.07249999999999998
0.0796875
0.09562499999999999
0.12062499999999998
0.14812499999999995
