-0.16120899999999994
-0.1528756
-0.1403756
-0.12443809999999998
-0.11141725
-0.10277142999999998
-0.09704225499999998
-0.09204224999999999
-0.08704224999999999
-0.08204224999999998
-0.07704224999999999
-0.07204224999999999
-0.06704225
-0.06204224999999999
-0.05704224999999999
-0.05204224999999999
-0.047042249999999994
-0.04204224999999999
-0.03704225
-0.032042249999999994
-0.027042249999999997
-0.02204225
-0.01704225
-0.012178694999999998
-0.007860915
-0.0043617955
-0.0014084504999999996
0.0014084504999999996
0.004225352
0.0070422539999999995
0.009859157499999998
0.012676059999999998
0.015492959999999998
0.018309859999999997
0.02112676
0.02394366
0.026760560000000003
0.029577464999999997
0.03239437
0.035211269999999996
0.03802817
0.04084507
0.043661969999999994
0.04647887
0.049295775
0.052112679999999995
0.05492957999999999
0.05774647999999999
0.060563379999999986
0.06338027999999998
0.06619718
0.069014085
0.07183098999999998
0.07464789
0.07746479
0.08028168999999999
0.08309859
0.08591549
0.08849765
0.09084507
