0.015000
0.045000
0.075000
0.10500
0.13500
0.16500
0.19500
0.22500
0.25500
0.28500
0.31500
0.34500
0.37500
0.40500
0.43500
0.46500
0.49500
0.52500
0.55500
0.58500
0.61500
0.64500
0.67500
0.70500
0.73500
0.76500
0.79500
0.82500
0.85500
0.88500
0.91500
0.94500
0.97500
1.0050
1.0350
1.0650
1.0950
1.1250
1.1550
1.1850
1.2150
1.2450
1.2750
1.3050
1.3350
1.3650
1.3950
1.4250
1.4550
1.4850
1.5150
1.5450
1.5750
1.6050
1.6350
1.6650
1.6950
1.7250
1.7550
1.7850
1.8150
1.8450
1.8750
1.9050
1.9350
1.9650
1.9950
2.0250
2.0550
2.0850
2.1150
2.1450
2.1750
2.2050
2.2350
2.2650
2.2950
2.3250
2.3550
2.3850
2.4150
2.4450
2.4750
2.5050
2.5350
2.5650
2.5950
2.6250
2.6550
2.6850
2.7150
2.7450
2.7750
2.8050
2.8350
2.8650
2.8950
2.9250
2.9550
2.9850
3.0150
3.0450
3.0750
3.1050
3.1350
3.1650
3.1950
3.2250
3.2550
3.2850
3.3150
3.3450
3.3750
3.4050
3.4350
3.4650
3.4950
3.5250
3.5550
3.5850
3.6150
3.6450
3.6750
3.7050
3.7350
3.7650
3.7950
3.8250
3.8550
3.8850
3.9150
3.9450
3.9750
4.0050
4.0350
4.0650
4.0950
4.1250
4.1550
4.1850
4.2150
4.2450
4.2750
4.3050
4.3350
4.3650
4.3950
4.4250
4.4550
4.4850
4.5150
4.5450
4.5750
4.6050
4.6350
4.6650
4.6950
4.7250
4.7550
4.7850
4.8150
4.8450
4.8750
4.9050
4.9350
4.9650
4.9950
5.0250
5.0550
5.0850
5.1150
5.1450
5.1750
5.2050
5.2350
5.2650
5.2950
5.3250
5.3550
5.3850
5.4150
5.4450
5.4750
5.5050
5.5350
5.5650
5.5950
5.6250
5.6550
5.6850
5.7150
5.7450
5.7750
5.8050
5.8350
5.8650
5.8950
5.9250
5.9550
5.9850
6.0150
6.0450
6.0750
6.1050
6.1350
6.1650
6.1950
6.2250
6.2550
6.2850
6.3150
6.3450
6.3750
6.4050
6.4350
6.4650
6.4950
6.5250
6.5550
6.5850
6.6150
6.6450
6.6750
6.7050
6.7350
6.7650
6.7950
6.8250
6.8550
6.8850
6.9150
6.9450
6.9750
7.0050
7.0350
7.0650
7.0950
7.1250
7.1550
7.1850
7.2150
7.2450
7.2750
7.3050
7.3350
7.3650
7.3950
7.4250
7.4550
7.4850
7.5150
7.5450
7.5750
7.6050
7.6350
7.6650
7.6950
7.7250
7.7550
7.7850
7.8150
7.8450
7.8750
7.9050
7.9350
7.9650
7.9950
8.0250
8.0550
8.0850
8.1150
8.1450
8.1750
8.2050
8.2350
8.2650
8.2950
8.3250
8.3550
8.3850
8.4150
8.4450
8.4750
8.5050
8.5350
8.5650
8.5950
8.6250
8.6550
8.6850
8.7150
8.7450
8.7750
8.8050
8.8350
8.8650
8.8950
8.9250
8.9550
8.9850
9.0150
9.0450
9.0750
9.1050
9.1350
9.1650
9.1950
9.2250
9.2550
9.2850
9.3150
9.3450
9.3750
9.4050
9.4350
9.4650
9.4950
9.5250
9.5550
9.5850
9.6150
9.6450
9.6750
9.7050
9.7350
9.7650
9.7950
9.8250
9.8550
9.8850
9.9150
9.9450
9.9750
10.005
10.035
10.065
10.095
10.125
10.155
10.185
10.215
10.245
10.275
10.305
10.335
10.365
10.395
10.425
10.455
10.485
10.515
10.545
10.575
10.605
10.635
10.665
10.695
10.725
10.755
10.785
10.815
10.845
10.875
10.905
10.935
10.965
10.995
11.025
11.055
11.085
11.115
11.145
11.175
11.205
11.235
11.265
11.295
11.325
11.355
11.385
11.415
11.445
11.475
11.505
11.535
11.565
11.595
11.625
11.655
11.685
11.715
11.745
11.775
11.805
11.835
11.865
11.895
11.925
11.955
11.985
12.015
12.045
12.075
12.105
12.135
12.165
12.195
12.225
12.255
12.285
12.315
12.345
12.375
12.405
12.435
12.465
12.495
12.525
12.555
12.585
12.615
12.645
12.675
12.705
12.735
12.765
12.795
12.825
12.855
12.885
12.915
12.945
12.975
13.005
13.035
13.065
13.095
13.125
13.155
13.185
13.215
13.245
13.275
13.305
13.335
13.365
13.395
13.425
13.455
13.485
13.515
13.545
13.575
13.605
13.635
13.665
13.695
13.725
13.755
13.785
13.815
13.845
13.875
13.905
13.935
13.965
13.995
14.025
14.055
14.085
14.115
14.145
14.175
14.205
14.235
14.265
14.295
14.325
14.355
14.385
14.415
14.445
14.475
14.505
14.535
14.565
14.595
14.625
14.655
14.685
14.715
14.745
14.775
14.805
14.835
14.865
14.895
14.925
14.955
14.985
15.015
15.045
15.075
15.105
15.135
15.165
15.195
15.225
15.255
15.285
15.315
15.345
15.375
15.405
15.435
15.465
15.495
15.525
15.555
15.585
15.615
15.645
15.675
15.705
15.735
15.765
15.795
15.825
15.855
15.885
15.915
15.945
15.975
16.005
16.035
16.065
16.095
16.125
16.155
16.185
16.215
16.245
16.275
16.305
16.335
16.365
16.395
16.425
16.455
16.485
16.515
16.545
16.575
16.605
16.635
16.665
16.695
16.725
16.755
16.785
16.815
16.845
16.875
16.905
16.935
16.965
16.995
17.025
17.055
17.085
17.115
17.145
17.175
17.205
17.235
17.265
17.295
17.325
17.355
17.385
17.415
17.445
17.475
17.505
17.535
17.565
17.595
17.625
17.655
17.685
17.715
17.745
17.775
17.805
17.835
17.865
17.895
17.925
17.955
17.985
18.015
18.045
18.075
18.105
18.135
18.165
18.195
18.225
18.255
18.285
18.315
18.345
18.375
18.405
18.435
18.465
18.495
18.525
18.555
18.585
18.615
18.645
18.675
18.705
18.735
18.765
18.795
18.825
18.855
18.885
18.915
18.945
18.975
19.005
19.035
19.065
19.095
19.125
19.155
19.185
19.215
19.245
19.275
19.305
19.335
19.365
19.395
19.425
19.455
19.485
19.515
19.545
19.575
19.605
19.635
19.665
19.695
19.725
19.755
19.785
19.815
19.845
19.875
19.905
19.935
19.965
19.995
20.025
20.055
20.085
20.115
20.145
20.175
20.205
20.235
20.265
20.295
20.325
20.355
20.385
20.415
20.445
20.475
20.505
20.535
20.565
20.595
20.625
20.655
20.685
20.715
20.745
20.775
20.805
20.835
20.865
20.895
20.925
20.955
20.985
21.015
21.045
21.075
21.105
21.135
21.165
21.195
21.225
21.255
21.285
21.315
21.345
21.375
21.405
21.435
21.465
21.495
21.525
21.555
21.585
21.615
21.645
21.675
21.705
21.735
21.765
21.795
21.825
21.855
21.885
21.915
21.945
21.975
22.005
22.035
22.065
22.095
22.125
22.155
22.185
22.215
22.245
22.275
22.305
22.335
22.365
22.395
22.425
22.455
22.485
22.515
22.545
22.575
22.605
22.635
22.665
22.695
22.725
22.755
22.785
22.815
22.845
22.875
22.905
22.935
22.965
22.995
23.025
23.055
23.085
23.115
23.145
23.175
23.205
23.235
23.265
23.295
23.325
23.355
23.385
23.415
23.445
23.475
23.505
23.535
23.565
23.595
23.625
23.655
23.685
23.715
23.745
23.775
23.805
23.835
23.865
23.895
23.925
23.955
23.985
24.015
24.045
24.075
24.105
24.135
24.165
24.195
24.225
24.255
24.285
24.315
24.345
24.375
24.405
24.435
24.465
24.495
24.525
24.555
24.585
24.615
24.645
24.675
24.705
24.735
24.765
24.795
24.825
24.855
24.885
24.915
24.945
24.975
25.005
25.035
25.065
25.095
25.125
25.155
25.185
25.215
25.245
25.275
25.305
25.335
25.365
25.395
25.425
25.455
25.485
25.515
25.545
25.575
25.605
25.635
25.665
25.695
25.725
25.755
25.785
25.815
25.845
25.875
25.905
25.935
25.965
25.995
26.025
26.055
26.085
26.115
26.145
26.175
26.205
26.235
26.265
26.295
26.325
26.355
26.385
26.415
26.445
26.475
26.505
26.535
26.565
26.595
26.625
26.655
26.685
26.715
26.745
26.775
26.805
26.835
26.865
26.895
26.925
26.955
26.985
27.015
27.045
27.075
27.105
27.135
27.165
27.195
27.225
27.255
27.285
27.315
27.345
27.375
27.405
27.435
27.465
27.495
27.525
27.555
27.585
27.615
27.645
27.675
27.705
27.735
27.765
27.795
27.825
27.855
27.885
27.915
27.945
27.975
28.005
28.035
28.065
28.095
28.125
28.155
28.185
28.215
28.245
28.275
28.305
28.335
28.365
28.395
28.425
28.455
28.485
28.515
28.545
28.575
28.605
28.635
28.665
28.695
28.725
28.755
28.785
28.815
28.845
28.875
28.905
28.935
28.965
28.995
29.025
29.055
29.085
29.115
29.145
29.175
29.205
29.235
29.265
29.295
29.325
29.355
29.385
29.415
29.445
29.475
29.505
29.535
29.565
29.595
29.625
29.655
29.685
29.715
29.745
29.775
29.805
29.835
29.865
29.895
29.925
29.955
29.985