  -1.180344     -6.431471     0.0000000E+00 0.0000000E+00-0.1681434     100000
 -0.2572847E-01-0.9874001     0.0000000E+00 0.0000000E+00-0.5195830E-01 010000
  0.0000000E+00 0.0000000E+00  1.187136     0.5521757     0.0000000E+00 001000
  0.0000000E+00 0.0000000E+00 0.7056198      1.170571     0.0000000E+00 000100
  0.0000000E+00 0.0000000E+00 0.0000000E+00 0.0000000E+00  1.000000     000010
  0.5700260E-01 0.1681434     0.0000000E+00 0.0000000E+00 0.1607951     000001
   461.8017      1362.542     0.0000000E+00 0.0000000E+00 -4.714405     200000
   285.4403      842.0827     0.0000000E+00 0.0000000E+00 -1.822927     110000
   44.10167      130.0887     0.0000000E+00 0.0000000E+00-0.2756676     020000
  0.0000000E+00 0.0000000E+00 -1034.857     -3054.385     0.0000000E+00 101000
  0.0000000E+00 0.0000000E+00 -319.8195     -943.8408     0.0000000E+00 011000
  -517.7516     -1527.208     0.0000000E+00 0.0000000E+00-0.2127735     002000
  0.0000000E+00 0.0000000E+00 -319.0181     -943.4606     0.0000000E+00 100100
  0.0000000E+00 0.0000000E+00 -98.57926     -291.5038     0.0000000E+00 010100
  -319.9296     -943.5859     0.0000000E+00 0.0000000E+00-0.2222000     001100
   1.915154      2.414094     0.0000000E+00 0.0000000E+00 0.2622675     100001
  0.6036823      1.739876     0.0000000E+00 0.0000000E+00 0.7851320E-01 010001
  0.0000000E+00 0.0000000E+00 0.3033291E-01 0.3754405     0.0000000E+00 001001
  -49.53059     -146.0666     0.0000000E+00 0.0000000E+00-0.2107311     000200
  0.0000000E+00 0.0000000E+00-0.3433592     0.3354025E-01 0.0000000E+00 000101
 -0.4196390E-01-0.3943792E-01 0.0000000E+00 0.0000000E+00-0.1233369     000002
   625.3034      1853.728     0.0000000E+00 0.0000000E+00  1453.858     300000
   597.7281      1725.628     0.0000000E+00 0.0000000E+00  1116.049     210000
   188.8446      540.8551     0.0000000E+00 0.0000000E+00  273.3127     120000
   19.71724      56.05793     0.0000000E+00 0.0000000E+00  20.76329     030000
  0.0000000E+00 0.0000000E+00  30659.58      93374.73     0.0000000E+00 201000
  0.0000000E+00 0.0000000E+00  18927.14      57650.46     0.0000000E+00 111000
  0.0000000E+00 0.0000000E+00  2921.295      8898.840     0.0000000E+00 021000
   31686.96      93382.59     0.0000000E+00 0.0000000E+00 -1411.609     102000
   9820.060      28941.06     0.0000000E+00 0.0000000E+00 -176.4439     012000
  0.0000000E+00 0.0000000E+00 -53398.50     -157664.0     0.0000000E+00 003000
  0.0000000E+00 0.0000000E+00  9175.368      27900.75     0.0000000E+00 200100
  0.0000000E+00 0.0000000E+00  5662.069      17226.19     0.0000000E+00 110100
  0.0000000E+00 0.0000000E+00  873.9257      2659.097     0.0000000E+00 020100
   19554.65      57633.45     0.0000000E+00 0.0000000E+00 -353.4431     101100
   6060.553      17862.34     0.0000000E+00 0.0000000E+00  51.30740     011100
  0.0000000E+00 0.0000000E+00 -49453.30     -146089.0     0.0000000E+00 002100
  -194.3696      102.1924     0.0000000E+00 0.0000000E+00 -29.35467     200001
  -263.9482     -358.3412     0.0000000E+00 0.0000000E+00 -18.73140     110001
  -62.94271     -120.5566     0.0000000E+00 0.0000000E+00 -2.909723     020001
  0.0000000E+00 0.0000000E+00  534.0834      45.72990     0.0000000E+00 101001
  0.0000000E+00 0.0000000E+00  325.5365      487.6429     0.0000000E+00 011001
   270.6677      32.36996     0.0000000E+00 0.0000000E+00  43.94462     002001
   3009.992      8875.412     0.0000000E+00 0.0000000E+00  24.93547     100200
   932.9376      2749.871     0.0000000E+00 0.0000000E+00  32.52746     010200
  0.0000000E+00 0.0000000E+00 -15274.63     -45145.98     0.0000000E+00 001200
  0.0000000E+00 0.0000000E+00  324.4884      487.3631     0.0000000E+00 100101
  0.0000000E+00 0.0000000E+00  149.7923      296.8266     0.0000000E+00 010101
   327.6324      492.9321     0.0000000E+00 0.0000000E+00  27.29208     001101
  -1.864892     -1.631542     0.0000000E+00 0.0000000E+00-0.4422740     100002
 -0.8714755     -1.635681     0.0000000E+00 0.0000000E+00-0.1472121     010002
  0.0000000E+00 0.0000000E+00-0.7736330E-01-0.2662589     0.0000000E+00 001002
  0.0000000E+00 0.0000000E+00 -1573.109     -4652.967     0.0000000E+00 000300
   75.54805      149.4171     0.0000000E+00 0.0000000E+00  4.503174     000201
  0.0000000E+00 0.0000000E+00 0.2392883    -0.8012356E-01 0.0000000E+00 000102
  0.3492808E-01 0.1768573E-01 0.0000000E+00 0.0000000E+00 0.1055219     000003
