 -0.8587706     -6.431471     0.0000000E+00 0.0000000E+00-0.1681434     100000
  0.2364153E-01-0.9874001     0.0000000E+00 0.0000000E+00-0.5195830E-01 010000
  0.0000000E+00 0.0000000E+00  1.159527     0.5521757     0.0000000E+00 001000
  0.0000000E+00 0.0000000E+00 0.6470913      1.170571     0.0000000E+00 000100
  0.0000000E+00 0.0000000E+00 0.0000000E+00 0.0000000E+00  1.000000     000010
  0.4859543E-01 0.1681434     0.0000000E+00 0.0000000E+00 0.1483782     000001
   393.6746      1362.542     0.0000000E+00 0.0000000E+00 -4.195635     200000
   243.3362      842.0827     0.0000000E+00 0.0000000E+00 -1.663638     110000
   37.59724      130.0887     0.0000000E+00 0.0000000E+00-0.2634401     020000
  0.0000000E+00 0.0000000E+00 -882.1373     -3054.385     0.0000000E+00 101000
  0.0000000E+00 0.0000000E+00 -272.6274     -943.8408     0.0000000E+00 011000
  -441.3912     -1527.208     0.0000000E+00 0.0000000E+00-0.2089496     002000
  0.0000000E+00 0.0000000E+00 -271.8451     -943.4606     0.0000000E+00 100100
  0.0000000E+00 0.0000000E+00 -84.00407     -291.5038     0.0000000E+00 010100
  -272.7503     -943.5859     0.0000000E+00 0.0000000E+00-0.2059872     001100
   1.633127      2.414094     0.0000000E+00 0.0000000E+00 0.2351423     100001
  0.4919212      1.739876     0.0000000E+00 0.0000000E+00 0.7434876E-01 010001
  0.0000000E+00 0.0000000E+00 0.2541125E-01 0.3754405     0.0000000E+00 001001
  -42.22726     -146.0666     0.0000000E+00 0.0000000E+00-0.1935461     000200
  0.0000000E+00 0.0000000E+00-0.3156745     0.3354025E-01 0.0000000E+00 000101
 -0.3577442E-01-0.3943792E-01 0.0000000E+00 0.0000000E+00-0.1136386     000002
   539.2677      1853.728     0.0000000E+00 0.0000000E+00  1234.050     300000
   514.5099      1725.628     0.0000000E+00 0.0000000E+00  946.4564     210000
   162.2721      540.8551     0.0000000E+00 0.0000000E+00  231.4705     120000
   16.93841      56.05793     0.0000000E+00 0.0000000E+00  17.54136     030000
  0.0000000E+00 0.0000000E+00  25990.27      93374.73     0.0000000E+00 201000
  0.0000000E+00 0.0000000E+00  16044.44      57650.46     0.0000000E+00 111000
  0.0000000E+00 0.0000000E+00  2476.339      8898.840     0.0000000E+00 021000
   27017.88      93382.59     0.0000000E+00 0.0000000E+00 -1207.541     102000
   8373.015      28941.06     0.0000000E+00 0.0000000E+00 -151.6917     012000
  0.0000000E+00 0.0000000E+00 -45515.31     -157664.0     0.0000000E+00 003000
  0.0000000E+00 0.0000000E+00  7779.120      27900.75     0.0000000E+00 200100
  0.0000000E+00 0.0000000E+00  4800.388      17226.19     0.0000000E+00 110100
  0.0000000E+00 0.0000000E+00  740.9423      2659.097     0.0000000E+00 020100
   16673.18      57633.45     0.0000000E+00 0.0000000E+00 -303.9710     101100
   5167.468      17862.34     0.0000000E+00 0.0000000E+00  42.92716     011100
  0.0000000E+00 0.0000000E+00 -42148.88     -146089.0     0.0000000E+00 002100
  -165.8239      102.1924     0.0000000E+00 0.0000000E+00 -24.77479     200001
  -225.0691     -358.3412     0.0000000E+00 0.0000000E+00 -15.75899     110001
  -53.66413     -120.5566     0.0000000E+00 0.0000000E+00 -2.422476     020001
  0.0000000E+00 0.0000000E+00  455.2129      45.72990     0.0000000E+00 101001
  0.0000000E+00 0.0000000E+00  277.4843      487.6429     0.0000000E+00 011001
   230.7406      32.36996     0.0000000E+00 0.0000000E+00  37.50296     002001
   2566.442      8875.412     0.0000000E+00 0.0000000E+00  20.79764     100200
   795.4779      2749.871     0.0000000E+00 0.0000000E+00  27.58607     010200
  0.0000000E+00 0.0000000E+00 -13017.39     -45145.98     0.0000000E+00 001200
  0.0000000E+00 0.0000000E+00  276.5185      487.3631     0.0000000E+00 100101
  0.0000000E+00 0.0000000E+00  127.6488      296.8266     0.0000000E+00 010101
   279.3122      492.9321     0.0000000E+00 0.0000000E+00  23.29962     001101
  -1.588265     -1.631542     0.0000000E+00 0.0000000E+00-0.3850868     100002
 -0.7254009     -1.635681     0.0000000E+00 0.0000000E+00-0.1326574     010002
  0.0000000E+00 0.0000000E+00-0.6539976E-01-0.2662589     0.0000000E+00 001002
  0.0000000E+00 0.0000000E+00 -1340.500     -4652.967     0.0000000E+00 000300
   64.40761      149.4171     0.0000000E+00 0.0000000E+00  3.862362     000201
  0.0000000E+00 0.0000000E+00 0.2213112    -0.8012356E-01 0.0000000E+00 000102
  0.2977600E-01 0.1768573E-01 0.0000000E+00 0.0000000E+00 0.9703260E-01 000003
