 -0.3651717    -0.4237686     0.0000000E+00 0.0000000E+00 -0.3908251    100000000
 -0.3533143E-02 -2.742538     0.0000000E+00 0.0000000E+00 -1.300766     010000000
  0.0000000E+00 0.0000000E+00-0.1385818     0.7780778     0.0000000E+00 001000000
  0.0000000E+00 0.0000000E+00 -1.984290      3.924989     0.0000000E+00 000100000
  0.0000000E+00 0.0000000E+00 0.0000000E+00 0.0000000E+00  1.000000     000010000
  0.4736223    -0.5206286     0.0000000E+00 0.0000000E+00  3.508624     000001000
  0.7316257     0.1808953E-01 0.0000000E+00 0.0000000E+00 0.1216115     200000000
   8.798761    -0.7784157     0.0000000E+00 0.0000000E+00  1.883392     110000000
   21.79509     -7.751876     0.0000000E+00 0.0000000E+00  3.557337     020000000
  0.0000000E+00 0.0000000E+00  1.073999     0.7946635     0.0000000E+00 101000000
  0.0000000E+00 0.0000000E+00 -1.732335      1.062857     0.0000000E+00 011000000
  0.2208789      1.551308     0.0000000E+00 0.0000000E+00 -3.134188     002000000
  0.0000000E+00 0.0000000E+00  6.400262      5.862053     0.0000000E+00 100100000
  0.0000000E+00 0.0000000E+00 -8.227324      12.34737     0.0000000E+00 010100000
   1.733190      17.87317     0.0000000E+00 0.0000000E+00 -37.57759     001100000
   1.487255      52.04907     0.0000000E+00 0.0000000E+00 -116.0744     000200000
  0.8485263    -0.4823591     0.0000000E+00 0.0000000E+00 0.7765092     100001000
   2.999582     -2.896420     0.0000000E+00 0.0000000E+00  3.188715     010001000
  0.0000000E+00 0.0000000E+00 -9.304761     -5.253255     0.0000000E+00 001001000
  0.0000000E+00 0.0000000E+00 -53.93388     -35.93766     0.0000000E+00 000101000
 -0.5465538     0.1368855     0.0000000E+00 0.0000000E+00 -3.747867     000002000
  0.5870109    -0.1152346     0.0000000E+00 0.0000000E+00 0.3744124     300000000
   12.59375     -2.605440     0.0000000E+00 0.0000000E+00  7.276749     210000000
   94.85872     -17.74878     0.0000000E+00 0.0000000E+00  47.86144     120000000
   255.9086     -34.10330     0.0000000E+00 0.0000000E+00  108.9034     030000000
  0.0000000E+00 0.0000000E+00 -0.4443708    -1.018438     0.0000000E+00 201000000
  0.0000000E+00 0.0000000E+00 -17.27396     -18.16793     0.0000000E+00 111000000
  0.0000000E+00 0.0000000E+00 -82.24679     -72.56062     0.0000000E+00 021000000
  -1.656061      2.924787     0.0000000E+00 0.0000000E+00 -3.542468     102000000
   1.190307      20.74281     0.0000000E+00 0.0000000E+00 -12.94026     012000000
  0.0000000E+00 0.0000000E+00  187.6480      102.0675     0.0000000E+00 003000000
  0.0000000E+00 0.0000000E+00 -2.286115     -5.602953     0.0000000E+00 200100000
  0.0000000E+00 0.0000000E+00 -111.0155     -105.5725     0.0000000E+00 110100000
  0.0000000E+00 0.0000000E+00 -542.0468     -416.2866     0.0000000E+00 020100000
  -13.60184      38.18640     0.0000000E+00 0.0000000E+00 -44.95121     101100000
   52.28297      263.8510     0.0000000E+00 0.0000000E+00 -167.3916     011100000
  0.0000000E+00 0.0000000E+00  3292.388      1861.192     0.0000000E+00 002100000
  -26.03328      122.6968     0.0000000E+00 0.0000000E+00 -143.0377     100200000
   244.6200      829.0574     0.0000000E+00 0.0000000E+00 -543.6443     010200000
  0.0000000E+00 0.0000000E+00  19345.61      11413.60     0.0000000E+00 001200000
  0.0000000E+00 0.0000000E+00  38089.49      23564.18     0.0000000E+00 000300000
  0.5937817    -0.3142616     0.0000000E+00 0.0000000E+00 0.3378328     200001000
   6.287841     -3.717772     0.0000000E+00 0.0000000E+00  2.932220     110001000
   38.02425    -0.4244821     0.0000000E+00 0.0000000E+00  14.21053     020001000
  0.0000000E+00 0.0000000E+00 -11.23151     -3.502482     0.0000000E+00 101001000
  0.0000000E+00 0.0000000E+00 -45.62025     -20.67402     0.0000000E+00 011001000
   1.596454     -4.482343     0.0000000E+00 0.0000000E+00  16.42963     002001000
  0.0000000E+00 0.0000000E+00 -81.82998     -29.03634     0.0000000E+00 100101000
  0.0000000E+00 0.0000000E+00 -307.1609     -141.5524     0.0000000E+00 010101000
   15.18743     -66.63867     0.0000000E+00 0.0000000E+00  219.0599     001101000
   36.90663     -234.9667     0.0000000E+00 0.0000000E+00  727.4938     000201000
 -0.7267798     0.2454176     0.0000000E+00 0.0000000E+00 -1.518840     100002000
   2.885305      6.040929     0.0000000E+00 0.0000000E+00 -5.841335     010002000
  0.0000000E+00 0.0000000E+00  23.98353      5.896068     0.0000000E+00 001002000
  0.0000000E+00 0.0000000E+00  189.8101      66.46254     0.0000000E+00 000102000
   1.525750     0.3542018     0.0000000E+00 0.0000000E+00  4.981876     000003000