 -0.3651718    -0.4237686     0.0000000E+00 0.0000000E+00 -0.3908251    100000000
 -0.3533188E-02 -2.742538     0.0000000E+00 0.0000000E+00 -1.300766     010000000
  0.0000000E+00 0.0000000E+00 -0.1385818    0.7780778     0.0000000E+00 001000000
  0.0000000E+00 0.0000000E+00 -1.984290      3.924989     0.0000000E+00 000100000
  0.0000000E+00 0.0000000E+00 0.0000000E+00 0.0000000E+00  1.000000     000010000
  0.4736223    -0.5206286     0.0000000E+00 0.0000000E+00  3.508624     000001000
   1.307520    -0.2122539E-01 0.0000000E+00 0.0000000E+00 0.4065236     200000000
   15.85052     -1.246104     0.0000000E+00 0.0000000E+00  5.389533     110000000
   39.75744     -13.38976     0.0000000E+00 0.0000000E+00  14.34619     020000000
  0.0000000E+00 0.0000000E+00  1.628801      1.225986     0.0000000E+00 101000000
  0.0000000E+00 0.0000000E+00 -0.7279920     1.007240     0.0000000E+00 011000000
  0.8047140E-01  2.061276     0.0000000E+00 0.0000000E+00 -3.413740     002000000
  0.0000000E+00 0.0000000E+00  9.822138      8.539001     0.0000000E+00 100100000
  0.0000000E+00 0.0000000E+00 -3.031291      10.82304     0.0000000E+00 010100000
  0.3446890      24.56881     0.0000000E+00 0.0000000E+00 -41.01782     001100000
  -1.651090      74.06994     0.0000000E+00 0.0000000E+00 -126.6606     000200000
  0.8279923    -0.4858927     0.0000000E+00 0.0000000E+00 0.7765092     100001000
 -0.4521564E-05 -6.223150     0.0000000E+00 0.0000000E+00  3.188715     010001000
  0.0000000E+00 0.0000000E+00 -10.26658     -6.318325     0.0000000E+00 001001000
  0.0000000E+00 0.0000000E+00 -60.24650     -42.98644     0.0000000E+00 000101000
  -1.119356    -0.5109011     0.0000000E+00 0.0000000E+00 -3.747867     000002000
  0.3581469    -0.4149898     0.0000000E+00 0.0000000E+00 0.4188186     300000000
  0.6819299     -14.37092     0.0000000E+00 0.0000000E+00  6.660311     210000000
  -30.01031     -131.3503     0.0000000E+00 0.0000000E+00  33.61837     120000000
  -106.9057     -346.3713     0.0000000E+00 0.0000000E+00  54.07744     030000000
  0.0000000E+00 0.0000000E+00 -3.904347     -4.048298     0.0000000E+00 201000000
  0.0000000E+00 0.0000000E+00 -60.91020     -53.85409     0.0000000E+00 111000000
  0.0000000E+00 0.0000000E+00 -231.9748     -192.1285     0.0000000E+00 021000000
  -1.471381      3.193127     0.0000000E+00 0.0000000E+00 -3.997389     102000000
   15.08710      35.52614     0.0000000E+00 0.0000000E+00 -13.81438     012000000
  0.0000000E+00 0.0000000E+00  191.5033      104.9359     0.0000000E+00 003000000
  0.0000000E+00 0.0000000E+00 -23.12465     -25.24290     0.0000000E+00 200100000
  0.0000000E+00 0.0000000E+00 -376.9505     -342.0490     0.0000000E+00 110100000
  0.0000000E+00 0.0000000E+00 -1451.881     -1204.246     0.0000000E+00 020100000
  -9.954766      41.44437     0.0000000E+00 0.0000000E+00 -48.60782     101100000
   229.4388      443.9862     0.0000000E+00 0.0000000E+00 -167.0470     011100000
  0.0000000E+00 0.0000000E+00  3363.129      1914.906     0.0000000E+00 002100000
  -9.201256      133.3439     0.0000000E+00 0.0000000E+00 -147.9418     100200000
   821.8521      1386.117     0.0000000E+00 0.0000000E+00 -505.9107     010200000
  0.0000000E+00 0.0000000E+00  19779.89      11750.53     0.0000000E+00 001200000
  0.0000000E+00 0.0000000E+00  38982.04      24272.80     0.0000000E+00 000300000
  -2.352176     -2.589306     0.0000000E+00 0.0000000E+00 -0.5621564    200001000
  -39.35520     -36.68912     0.0000000E+00 0.0000000E+00 -11.16748     110001000
  -119.1910     -103.2296     0.0000000E+00 0.0000000E+00 -40.33442     020001000
  0.0000000E+00 0.0000000E+00 -13.16723     -3.162337     0.0000000E+00 101001000
  0.0000000E+00 0.0000000E+00 -74.01842     -39.36853     0.0000000E+00 011001000
   8.592785      3.267133     0.0000000E+00 0.0000000E+00  17.63367     002001000
  0.0000000E+00 0.0000000E+00 -97.00903     -30.57770     0.0000000E+00 100101000
  0.0000000E+00 0.0000000E+00 -477.9821     -252.7359     0.0000000E+00 010101000
   100.1341      24.18469     0.0000000E+00 0.0000000E+00  235.3405     001101000
   294.6305      29.50771     0.0000000E+00 0.0000000E+00  782.1928     000201000
  -2.347313     -1.340342     0.0000000E+00 0.0000000E+00 -1.769200     100002000
  0.2768535E-03  3.505895     0.0000000E+00 0.0000000E+00 -8.446180     010002000
  0.0000000E+00 0.0000000E+00  20.55293      1.109399     0.0000000E+00 001002000
  0.0000000E+00 0.0000000E+00  176.4020      45.34265     0.0000000E+00 000102000
   2.923901      1.707917     0.0000000E+00 0.0000000E+00  4.796723     000003000