16.006	
16.011	
16.016	
16.022	
16.027	
16.031	
16.036	
16.041	
16.046	
16.051	
16.056	
16.061	
16.066	
16.071	
16.076	
16.081	
16.086	
16.091	
16.096	
16.101	
16.106	
16.111	
16.116	
16.121	
16.126	
16.131	
16.136	
16.141	
16.146	
16.151	
16.156	
16.161	
16.166	
16.171	
16.176	
16.181	
16.186	
16.191	
16.196	
16.201	
16.206	
16.211	
16.216	
16.221	
16.226	
16.231	
16.236	
16.241	
16.246	
16.251	
16.256	
16.261	
16.266	
16.271	
16.276	
16.281	
16.286	
16.291	
16.296	
16.301	
16.306	
16.311	
16.316	
16.321	
16.326	
16.331	
16.336	
16.341	
16.346	
16.351	
16.356	
16.361	
16.366	
16.371	
16.376	
16.381	
16.386	
16.390	
16.391	
16.396	
16.401	
16.406	
16.411	
16.416	
16.421	
16.426	
16.431	
16.436	
16.441	
16.446	
16.451	
16.456	
16.461	
16.466	
16.471	
16.476	
16.481	
16.486	
16.489	